%YAML:1.0
---
Author : sk95120
Time : NONE
...
---
Num : 0
Rotate : !!opencv-matrix
   rows: 3
   cols: 3
   dt: d
   data: [ 9.9803015921137128e-01, -5.6669515183348770e-02,
       2.6914073519416062e-02, 5.5962667425063742e-02,
       9.9808566861859360e-01, 2.6328272880069496e-02,
       -2.8354561523605566e-02, -2.4770227028834892e-02,
       9.9929097598934791e-01 ]
Transoform : !!opencv-matrix
   rows: 3
   cols: 1
   dt: d
   data: [ 6.7050233596188669e-02, -7.5728604697993654e-02,
       5.2961082925623237e-02 ]
Normalize : !!opencv-matrix
   rows: 3
   cols: 1
   dt: d
   data: [ 5.1596923625451496e-01, 4.4494623688394325e-01,
       7.3198264564247040e-01 ]
...
---
Num : 1
Rotate : !!opencv-matrix
   rows: 3
   cols: 3
   dt: d
   data: [ 9.9803015921137128e-01, -5.6669515183348770e-02,
       2.6914073519416062e-02, 5.5962667425063742e-02,
       9.9808566861859360e-01, 2.6328272880069496e-02,
       -2.8354561523605566e-02, -2.4770227028834892e-02,
       9.9929097598934791e-01 ]
Transoform : !!opencv-matrix
   rows: 3
   cols: 1
   dt: d
   data: [ -6.7050233596188669e-02, 7.5728604697993654e-02,
       -5.2961082925623237e-02 ]
Normalize : !!opencv-matrix
   rows: 3
   cols: 1
   dt: d
   data: [ -5.1596923625451496e-01, -4.4494623688394325e-01,
       -7.3198264564247040e-01 ]
...
---
Num : 2
Rotate : !!opencv-matrix
   rows: 3
   cols: 3
   dt: d
   data: [ 9.9884967108883194e-01, 1.3876629820335020e-02,
       4.5899604688507976e-02, -1.1376562516794576e-02,
       9.9846051611728848e-01, -5.4287858496169426e-02,
       -4.6582275502958043e-02, 5.3703229880781321e-02,
       9.9746982646561178e-01 ]
Transoform : !!opencv-matrix
   rows: 3
   cols: 1
   dt: d
   data: [ 6.0860448130258815e-02, 5.0930821886187409e-02,
       8.2082208394052739e-02 ]
Normalize : !!opencv-matrix
   rows: 3
   cols: 1
   dt: d
   data: [ 5.5498023723980272e-01, -6.6894669910635673e-01,
       4.9447674366744671e-01 ]
...
---
Num : 3
Rotate : !!opencv-matrix
   rows: 3
   cols: 3
   dt: d
   data: [ 9.9884967108883194e-01, 1.3876629820335020e-02,
       4.5899604688507976e-02, -1.1376562516794576e-02,
       9.9846051611728848e-01, -5.4287858496169426e-02,
       -4.6582275502958043e-02, 5.3703229880781321e-02,
       9.9746982646561178e-01 ]
Transoform : !!opencv-matrix
   rows: 3
   cols: 1
   dt: d
   data: [ -6.0860448130258815e-02, -5.0930821886187409e-02,
       -8.2082208394052739e-02 ]
Normalize : !!opencv-matrix
   rows: 3
   cols: 1
   dt: d
   data: [ -5.5498023723980272e-01, 6.6894669910635673e-01,
       -4.9447674366744671e-01 ]
...
---
Num : 0
Rotate : !!opencv-matrix
   rows: 3
   cols: 3
   dt: d
   data: [ -4.9804483761909069e-01, -6.2964034931064816e-01,
       -5.9624317439011065e-01, -8.5095331317279488e-01,
       4.8715556518072844e-01, 1.9636213697322091e-01,
       1.6682729787135031e-01, 6.0517345253174426e-01,
       -7.7841913127667794e-01 ]
Transoform : !!opencv-matrix
   rows: 3
   cols: 1
   dt: d
   data: [ 6.3576121954323617e+03, 4.2439989507509345e+03,
       6.4871529891507998e+03 ]
Normalize : !!opencv-matrix
   rows: 3
   cols: 1
   dt: d
   data: [ 6.0346586116635603e-01, 7.4688754997294571e-01,
       -2.7926321294105078e-01 ]
...
---
Num : 1
Rotate : !!opencv-matrix
   rows: 3
   cols: 3
   dt: d
   data: [ -4.9804483761909069e-01, -6.2964034931064816e-01,
       -5.9624317439011065e-01, -8.5095331317279488e-01,
       4.8715556518072844e-01, 1.9636213697322091e-01,
       1.6682729787135031e-01, 6.0517345253174426e-01,
       -7.7841913127667794e-01 ]
Transoform : !!opencv-matrix
   rows: 3
   cols: 1
   dt: d
   data: [ -6.3576121954323617e+03, -4.2439989507509345e+03,
       -6.4871529891507998e+03 ]
Normalize : !!opencv-matrix
   rows: 3
   cols: 1
   dt: d
   data: [ -6.0346586116635603e-01, -7.4688754997294571e-01,
       2.7926321294105078e-01 ]
...
---
Num : 2
Rotate : !!opencv-matrix
   rows: 3
   cols: 3
   dt: d
   data: [ 9.9541977180342656e-01, 7.5474077762919478e-02,
       5.8694331151855295e-02, -9.4008285199379316e-02,
       6.6072708979118033e-01, 7.4471632656423026e-01,
       1.7423889970814344e-02, -7.4682377684075618e-01,
       6.6479534547761432e-01 ]
Transoform : !!opencv-matrix
   rows: 3
   cols: 1
   dt: d
   data: [ 6.3563673431859515e+03, 4.2435657530933768e+03,
       6.4886561225449059e+03 ]
Normalize : !!opencv-matrix
   rows: 3
   cols: 1
   dt: d
   data: [ 6.0334909192232133e-01, 7.4692289458001204e-01,
       -2.7942094200100026e-01 ]
...
---
Num : 3
Rotate : !!opencv-matrix
   rows: 3
   cols: 3
   dt: d
   data: [ 9.9541977180342656e-01, 7.5474077762919478e-02,
       5.8694331151855295e-02, -9.4008285199379316e-02,
       6.6072708979118033e-01, 7.4471632656423026e-01,
       1.7423889970814344e-02, -7.4682377684075618e-01,
       6.6479534547761432e-01 ]
Transoform : !!opencv-matrix
   rows: 3
   cols: 1
   dt: d
   data: [ -6.3563673431859515e+03, -4.2435657530933768e+03,
       -6.4886561225449059e+03 ]
Normalize : !!opencv-matrix
   rows: 3
   cols: 1
   dt: d
   data: [ -6.0334909192232133e-01, -7.4692289458001204e-01,
       2.7942094200100026e-01 ]
