%YAML:1.0
---
Author : sk95120
Time : NONE
...
---
Num : 0
Rotate : !!opencv-matrix
   rows: 3
   cols: 3
   dt: d
   data: [ 9.9902165948674471e-01, -1.7834816998649920e-02,
       -4.0467804227253885e-02, 2.6546765149788175e-02,
       9.7371347727078050e-01, 2.2622407794336838e-01,
       3.5369381340824277e-02, -2.2707704305779114e-01,
       9.7323431062601651e-01 ]
Transoform : !!opencv-matrix
   rows: 3
   cols: 1
   dt: d
   data: [ 2.3521313195113622e-02, 1.4319592961029731e-01,
       2.2914110068437266e-01 ]
Normalize : !!opencv-matrix
   rows: 3
   cols: 1
   dt: d
   data: [ -3.9116665420596142e-01, 1.5051199890091799e-01,
       -9.0792884458208711e-01 ]
...
---
Num : 1
Rotate : !!opencv-matrix
   rows: 3
   cols: 3
   dt: d
   data: [ 9.9902165948674471e-01, -1.7834816998649920e-02,
       -4.0467804227253885e-02, 2.6546765149788175e-02,
       9.7371347727078050e-01, 2.2622407794336838e-01,
       3.5369381340824277e-02, -2.2707704305779114e-01,
       9.7323431062601651e-01 ]
Transoform : !!opencv-matrix
   rows: 3
   cols: 1
   dt: d
   data: [ -2.3521313195113622e-02, -1.4319592961029731e-01,
       -2.2914110068437266e-01 ]
Normalize : !!opencv-matrix
   rows: 3
   cols: 1
   dt: d
   data: [ 3.9116665420596142e-01, -1.5051199890091799e-01,
       9.0792884458208711e-01 ]
...
---
Num : 2
Rotate : !!opencv-matrix
   rows: 3
   cols: 3
   dt: d
   data: [ 9.9903757965495843e-01, 2.6277937799257627e-02,
       3.5119573206136387e-02, -2.9530133932201805e-02,
       9.9498697491554111e-01, 9.5545229804353621e-02,
       -3.2432786298883950e-02, -9.6490360831737232e-02,
       9.9480537023050497e-01 ]
Transoform : !!opencv-matrix
   rows: 3
   cols: 1
   dt: d
   data: [ 1.0549422815572043e-01, -7.2597983622552445e-04,
       2.4986878803350343e-01 ]
Normalize : !!opencv-matrix
   rows: 3
   cols: 1
   dt: d
   data: [ -8.7366614405405718e-02, -3.8459464220400019e-01,
       -9.1894180222433786e-01 ]
...
---
Num : 3
Rotate : !!opencv-matrix
   rows: 3
   cols: 3
   dt: d
   data: [ 9.9903757965495843e-01, 2.6277937799257627e-02,
       3.5119573206136387e-02, -2.9530133932201805e-02,
       9.9498697491554111e-01, 9.5545229804353621e-02,
       -3.2432786298883950e-02, -9.6490360831737232e-02,
       9.9480537023050497e-01 ]
Transoform : !!opencv-matrix
   rows: 3
   cols: 1
   dt: d
   data: [ -1.0549422815572043e-01, 7.2597983622552445e-04,
       -2.4986878803350343e-01 ]
Normalize : !!opencv-matrix
   rows: 3
   cols: 1
   dt: d
   data: [ 8.7366614405405718e-02, 3.8459464220400019e-01,
       9.1894180222433786e-01 ]
...
---
Num : 0
Rotate : !!opencv-matrix
   rows: 3
   cols: 3
   dt: d
   data: [ 9.9842034521575318e-01, 3.0888580730056958e-02,
       -4.6933035696519521e-02, -2.6732342131203124e-02,
       9.9587226703024090e-01, 8.6739896489275714e-02,
       4.9418580952889535e-02, -8.5348247430246715e-02,
       9.9512485674769913e-01 ]
Transoform : !!opencv-matrix
   rows: 3
   cols: 1
   dt: d
   data: [ -4.3833060905087917e-01, 6.9885101887563028e-01,
       -2.7168033449753409e+01 ]
Normalize : !!opencv-matrix
   rows: 3
   cols: 1
   dt: d
   data: [ 6.7546843508285284e-02, 9.9137255227161702e-01,
       1.1232936630519742e-01 ]
...
---
Num : 1
Rotate : !!opencv-matrix
   rows: 3
   cols: 3
   dt: d
   data: [ 9.9842034521575318e-01, 3.0888580730056958e-02,
       -4.6933035696519521e-02, -2.6732342131203124e-02,
       9.9587226703024090e-01, 8.6739896489275714e-02,
       4.9418580952889535e-02, -8.5348247430246715e-02,
       9.9512485674769913e-01 ]
Transoform : !!opencv-matrix
   rows: 3
   cols: 1
   dt: d
   data: [ 4.3833060905087917e-01, -6.9885101887563028e-01,
       2.7168033449753409e+01 ]
Normalize : !!opencv-matrix
   rows: 3
   cols: 1
   dt: d
   data: [ -6.7546843508285284e-02, -9.9137255227161702e-01,
       -1.1232936630519742e-01 ]
...
---
Num : 2
Rotate : !!opencv-matrix
   rows: 3
   cols: 3
   dt: d
   data: [ 9.8458354728275244e-01, -1.5216213269019185e-01,
       -8.6266585624084013e-02, -1.4733281627664452e-01,
       -9.8727372953954795e-01, 5.9863379521434494e-02,
       -9.4277673221815128e-02, -4.6230599550725060e-02,
       -9.9447194630970848e-01 ]
Transoform : !!opencv-matrix
   rows: 3
   cols: 1
   dt: d
   data: [ -2.5218677119191657e-01, 2.6832939595205509e+00,
       -2.7046606133775548e+01 ]
Normalize : !!opencv-matrix
   rows: 3
   cols: 1
   dt: d
   data: [ 6.2537186415095911e-02, 9.9726968240492619e-01,
       3.9271883979014058e-02 ]
...
---
Num : 3
Rotate : !!opencv-matrix
   rows: 3
   cols: 3
   dt: d
   data: [ 9.8458354728275244e-01, -1.5216213269019185e-01,
       -8.6266585624084013e-02, -1.4733281627664452e-01,
       -9.8727372953954795e-01, 5.9863379521434494e-02,
       -9.4277673221815128e-02, -4.6230599550725060e-02,
       -9.9447194630970848e-01 ]
Transoform : !!opencv-matrix
   rows: 3
   cols: 1
   dt: d
   data: [ 2.5218677119191657e-01, -2.6832939595205509e+00,
       2.7046606133775548e+01 ]
Normalize : !!opencv-matrix
   rows: 3
   cols: 1
   dt: d
   data: [ -6.2537186415095911e-02, -9.9726968240492619e-01,
       -3.9271883979014058e-02 ]
