%YAML:1.0
---
Author: sk95120
Data: None
Camera Matrix: !!opencv-matrix
   rows: 3
   cols: 3
   dt: d
   data: [ 7.6225653510005781e+04, 0., -2.9760078020985156e+03, 0.,
       1.3695115988840911e+04, 1.2381486769174694e+03, 0., 0., 1. ]
Distort Coffes: !!opencv-matrix
   rows: 5
   cols: 1
   dt: d
   data: [ 1.2529163136675591e+03, -2.0807342060392117e+05,
       8.2444440661844833e+00, -8.9512749345822329e-01, 0. ]
